2 0.3875 0.47734375 0.14921875 0.15703125
2 0.51328125 0.496875 0.146875 0.16328125
2 0.6234375 0.4625 0.13203125 0.16875
2 0.56015625 0.3484375 0.12578125 0.18046875
2 0.4328125 0.328125 0.13828125 0.178125
2 0.49921875 0.2125 0.13671875 0.17734375
2 0.37578125 0.6109375 0.125 0.1328125
2 0.49375 0.64609375 0.14921875 0.17421875
2 0.61328125 0.60234375 0.15546875 0.1625
2 0.27890625 0.5625 0.096875 0.17421875
2 0.3125 0.390625 0.11875 0.15234375
2 0.7 0.5234375 0.140625 0.12265625
2 0.68046875 0.36328125 0.14296875 0.15390625