1 0.3171875 0.25234375 0.1859375 0.1671875
1 0.28046875 0.446875 0.1671875 0.18828125
1 0.18125 0.54453125 0.16953125 0.19375
1 0.36484375 0.5984375 0.23359375 0.2546875
1 0.38125 0.85546875 0.184375 0.228125
1 0.2140625 0.70078125 0.17890625 0.21875
1 0.57734375 0.89453125 0.19140625 0.21015625
1 0.7828125 0.86953125 0.17265625 0.2609375
1 0.55625 0.69375 0.2109375 0.23515625
1 0.840625 0.57578125 0.1859375 0.21484375
1 0.72109375 0.38359375 0.1875 0.22734375
1 0.55703125 0.496875 0.196875 0.20625
1 0.915625 0.72578125 0.16875 0.20546875
1 0.834375 0.24609375 0.175 0.2265625
1 0.7 0.18203125 0.1734375 0.21640625
1 0.59140625 0.2921875 0.19140625 0.20859375
1 0.5140625 0.1546875 0.165625 0.16640625