1 0.74765625 0.3171875 0.1671875 0.1859375
1 0.553125 0.28046875 0.1875 0.1671875
1 0.45546875 0.18125 0.19375 0.16875
1 0.4015625 0.36484375 0.2546875 0.234375
1 0.14453125 0.38125 0.228125 0.184375
1 0.29921875 0.2140625 0.21875 0.178125
1 0.10546875 0.57734375 0.209375 0.190625
1 0.13046875 0.7828125 0.2609375 0.1734375
1 0.30625 0.55625 0.234375 0.2109375
1 0.42421875 0.840625 0.215625 0.1859375
1 0.61640625 0.72109375 0.228125 0.1875
1 0.503125 0.55703125 0.20625 0.196875
1 0.27421875 0.915625 0.20625 0.16875
1 0.75390625 0.834375 0.2265625 0.175
1 0.81796875 0.7 0.215625 0.1734375
1 0.7078125 0.59140625 0.209375 0.190625
1 0.8453125 0.5140625 0.165625 0.165625