2 0.4125 0.26796875 0.18984375 0.196875
2 0.55625 0.1625 0.17109375 0.184375
2 0.69765625 0.24921875 0.159375 0.209375
2 0.57890625 0.38046875 0.19609375 0.20546875
2 0.27734375 0.24453125 0.203125 0.1453125
2 0.23828125 0.37421875 0.22109375 0.17109375
2 0.20625 0.5203125 0.17890625 0.18984375
2 0.3578125 0.65390625 0.19453125 0.1921875
2 0.40625 0.44375 0.17265625 0.19296875
2 0.646875 0.665625 0.20078125 0.14765625
2 0.70546875 0.51953125 0.1859375 0.16015625
2 0.790625 0.38984375 0.20078125 0.2125
2 0.540625 0.5484375 0.16171875 0.16484375
2 0.82109375 0.58828125 0.16640625 0.19609375
2 0.63125 0.815625 0.17265625 0.1640625
2 0.275 0.73828125 0.21875 0.19765625
2 0.4546875 0.746875 0.1375 0.17890625