2 0.4125 0.26796875 0.190625 0.196875
2 0.55625 0.1625 0.171875 0.184375
2 0.69765625 0.24921875 0.159375 0.209375
2 0.57890625 0.38046875 0.196875 0.20625
2 0.27734375 0.24453125 0.203125 0.1453125
2 0.23828125 0.37421875 0.221875 0.171875
2 0.20625 0.5203125 0.178125 0.190625
2 0.3578125 0.65390625 0.19375 0.1921875
2 0.40625 0.44375 0.171875 0.19375
2 0.646875 0.665625 0.2 0.146875
2 0.70546875 0.51953125 0.1859375 0.159375
2 0.790625 0.38984375 0.2 0.2125
2 0.540625 0.5484375 0.1625 0.165625
2 0.82109375 0.58828125 0.165625 0.196875
2 0.63125 0.815625 0.171875 0.1640625
2 0.275 0.73828125 0.21875 0.196875
2 0.4546875 0.746875 0.1375 0.178125